0 516.2 1176 6233.1 6611.1 12033.7 15659.3 7825.5 7542.3 903.3 8226.6 3700.7 5767 3096 2515 5021 7342.9 2858.8 6897.1 7310.8 
648.7 0 1294.7 5850.9 6228.9 11651.5 15277.1 7443.3 7160.1 521.1 7844.4 3318.5 5384.8 3385.1 2114.7 4638.8 6960.7 2476.6 6514.9 6928.6 
979.3 1282.9 0 7090 7468 12890.6 16516.2 8682.4 8399.2 1760.2 9083.5 4557.6 6623.9 4075.3 3353.8 5877.9 8199.8 3715.7 7754 8167.7 
6676 6032.1 7326.8 0 644.7 6855.9 9439.8 1606 1575.9 5920.6 3166 5056.6 5632.3 9273.5 7004.4 1907.8 4101 4981.8 1189.5 2092.1 
6982 6338.1 7632.8 526.3 0 6223.8 9953.6 1744.2 943.8 6226.6 2533.9 5362.6 5000.2 9579.5 7310.4 2084.3 3468.9 5287.8 1599.2 1460 
12337.3 11693.4 12988.1 6734.4 6214.1 0 8958.8 6309.5 5314.4 11581.9 5834.2 10901.5 7935.3 14934.8 10816.5 8292.4 6404 10643.1 7807.3 4753.4 
16055 15411.1 16705.8 9487.1 10023.7 9008.7 0 9363.3 10268.6 15299.6 11858.7 14435.6 14325 18652.5 16383.4 11286.8 12793.7 14360.8 10083.2 10784.8 
8217.2 7573.3 8868 1649.3 1760.6 6341.8 9310.4 0 1061.8 7461.8 2651.9 6597.8 5118.2 10814.7 7875 3449 3586.9 6523 2245.4 1578 
7931.2 7287.3 8582 1475.5 955.2 5280 10220.6 1050.6 0 7175.8 1590.1 6311.8 4056.4 10528.7 6813.2 3033.5 2525.1 6237 2548.4 516.2 
1129 485.1 1779.8 5858.7 6236.7 11659.3 15284.9 7451.1 7167.9 0 7852.2 3326.3 5392.6 3726.5 2376.3 4646.6 6968.5 2484.4 6522.7 6936.4 
8505 7861.1 9155.8 3095.6 2575.3 5837.5 11840.7 2670.7 1675.6 7749.6 0 7117.2 2466.3 11102.5 5925.8 4653.6 935 6810.8 4168.5 1114.6 
3876.8 3232.9 4527.6 4900.6 5278.6 11020.5 14326.8 6493 6209.8 3121.4 7213.4 0 5316 4704.3 4330.4 3688.5 6891.9 915.4 5564.6 6297.6 
6060.1 5416.2 6710.9 5583.7 5063.4 7986.7 14328.8 5158.8 4163.7 5304.7 2535.8 5263.3 0 8657.6 3480.9 4431.5 1604.8 4365.9 6332.3 3602.7 
3174.4 3416.3 3871.5 9133.2 9511.2 14933.8 18559.4 10725.6 10442.4 3803.4 11126.7 4673.5 8667.1 0 5415.1 7921.1 10243 5563.9 9797.2 10210.9 
2779.1 2135.2 3429.9 6747.1 7125.1 10905.8 16173.3 7935 6939.9 2351.2 5955.5 4334.4 3448.6 5376.6 0 5535 5024.5 3437 7411.1 6378.9 
5384.6 4740.7 6035.4 1821.1 2079.9 8291.1 11248.4 3414.6 3011.1 4629.2 4601.2 3765.2 4408 7982.1 5713 0 5536.2 3690.4 2776.5 3527.3 
7570 6926.1 8220.8 4063 3542.7 6466 12808.1 3638.1 2643 6814.6 1015.1 6773.2 1531.3 10167.5 4990.8 5621 0 5875.8 5135.9 2082 
3041.8 2397.9 3692.6 4883.4 5261.4 10684 14309.6 6475.8 6192.6 2286.4 6876.9 904.8 4417.3 5603.6 3431.7 3671.3 5993.2 0 5547.4 5961.1 
7178.8 6534.9 7829.6 1098.4 1537.8 7749 10074.1 2240.3 2469 6423.4 4059.1 5559.4 6358.1 9776.3 7507.2 2729.6 4994.1 5484.6 0 2985.2 
7582.3 6938.4 8233.1 1984.8 1464.5 4761.2 10729.9 1559.9 564.8 6826.9 1079.2 6146.5 3545.5 10179.8 6302.3 3542.8 2014.2 5888.1 3057.7 0 